array([[-0.31320952, -0.4080979 ,  0.4275484 ,  1.89901314,  1.22627919,
        -0.51957219,  0.61390586, -0.92388941, -0.19239079, -0.11820896,
        -0.16064839,  0.66934185, -1.94978511, -0.40700527,  0.80376011,
        -1.11156754, -0.14905999,  1.64294521, -0.44393892,  0.48346916,
        -0.74553546, -0.74242158, -0.1135483 ,  0.97807567,  0.47283471,
         0.27598592,  0.59955586,  0.8922877 ,  1.05135657, -0.67602856,
         1.56728028,  0.68140468, -0.62683323,  2.02285678,  0.84596567,
        -0.07932641, -0.39402318, -1.12337554, -0.12062779, -1.07363356,
         0.70169565, -0.54268075,  0.24796967,  1.13387695, -0.44753217,
         1.21815168,  2.36252913,  1.07425357,  1.15648933,  0.63591912,
        -0.54978265,  1.15260358,  0.52195592,  0.80960905, -1.46149635,
        -0.0364322 ,  0.6770105 ,  1.23196338,  0.72954684,  0.91576108,
         2.02058337,  1.36922512, -0.56765711, -1.03693725, -0.21057672,
        -0.69402643,  0.54879024,  1.02980983, -0.02474982,  0.35966153,
        -0.50932185, -1.58802607,  1.20111069,  0.01915982, -1.13738525,
         0.4914611 , -1.48491173,  1.00257132,  0.00995709,  2.29370148,
         0.87971056,  0.86989482, -0.19327459,  0.24843692, -0.40714048,
         1.08600717, -2.48511098,  0.5976405 , -0.80591288,  0.06594947,
         1.1062229 ,  0.09998556,  0.40968205,  0.24332138, -1.2311786 ,
         0.51414206,  0.01916537,  1.32113541,  0.46789234, -0.27183095,
         0.36513847,  1.7065953 ,  0.46605824, -0.10923832, -0.42117712,
         0.47870716,  1.14198221, -0.62878197, -0.0428711 ,  0.63381143,
        -1.16541563, -0.18192571, -1.27556236,  0.90975289,  0.13956803,
        -0.82064176, -0.67945085,  0.13944525, -1.86598426, -0.17175739,
         0.79578599,  0.09273978, -0.65752854,  0.02491039, -0.38775663,
         0.47090081, -0.67903795,  0.61482058,  0.62721603,  0.1396572 ,
         0.37229802, -1.57678581,  1.39217734,  0.10383058,  0.49310676,
         0.35578556,  0.96054926,  0.98453999,  0.08249195,  0.82693326,
        -0.11280859,  0.08947659, -0.63458648, -1.25467913, -0.20779416,
         0.22135423, -0.93010471, -0.92384663,  1.72505875, -1.97316476,
         1.05523916,  1.44636874,  1.39195971,  0.35674416, -1.13589451,
         0.81644393,  0.90800247, -0.77121565,  0.81748409, -1.35857314,
        -0.11561997,  0.81223317,  0.19311528,  1.63300497, -0.15988454,
         0.77081453,  0.18618393, -1.89466288,  1.40918191,  1.13977105,
        -1.15985706, -1.06914634, -1.6501353 , -0.62442628,  1.08974908,
         2.38421439, -1.89344136, -0.44836013, -0.77825352, -0.62427766,
         0.53877711,  0.88239219,  0.07798272, -0.16194462, -0.40402818,
         0.69333035,  0.34100387, -0.96375012,  0.59253184,  0.04126299,
        -1.34799219, -0.72785952,  0.03061136, -1.23977194,  1.23531945,
        -0.02048792, -0.20046077,  2.39744626, -0.01794152, -0.76722425,
        -1.23908171, -0.54862274, -0.38687465,  0.37597051, -0.17200914,
         0.37422381,  0.37235354,  0.0833455 ,  0.05324373,  0.01249611,
         0.01363782,  0.81610425, -1.28368335,  0.88114717, -0.05956831,
        -0.41580072, -0.84488228, -1.23244466,  0.24044213, -0.03006829,
         0.12324424,  0.35265619,  0.66736726, -0.93878537, -0.40942144,
         0.37760752,  0.412851  , -0.60384391,  0.73019752,  1.77918393,
         0.59654394, -1.34646281,  0.29187586,  0.21149031,  0.20948226,
        -1.52024624,  0.58605768, -0.73734874, -1.72872819,  0.29270365,
         0.70311188, -0.16949017,  1.11424338, -0.45538267, -1.50410421,
         0.68444732, -0.20234145,  0.90262354, -0.73013257, -0.57450714,
        -1.18688081,  1.17740932, -0.45433477, -0.46502799,  1.426395  ,
        -1.5681277 , -0.54489942, -1.64030611,  2.27613472,  2.46856326,
         0.02045571, -0.86610627,  0.80977361,  0.0057492 ,  1.43126663,
        -0.60158786, -2.53133459,  0.31033787,  1.52150811,  1.80318603,
         0.52356549, -0.06472908, -1.15882802,  1.13993603, -1.0779172 ,
         0.28318754, -1.86493726, -0.40602003, -0.65733351, -0.43307282,
         0.04174068, -0.79881831, -0.69385014, -0.74302476,  0.36694915,
         0.16134474, -0.41246915,  0.4190457 ,  0.02038185, -0.40808938,
         0.21226236, -1.46400512, -2.29783508, -0.19492819, -1.44179821,
        -0.6802135 ,  1.54437506, -1.13732723,  0.1027125 , -0.86934281,
        -1.01001192, -0.4831799 ,  0.5674997 ,  1.96500523, -0.29832074,
        -0.55343482,  0.00841189, -0.44783971,  0.66985697, -0.29814152,
        -0.63359029, -1.07847529,  1.77949246, -0.59684951, -1.4290139 ,
        -0.61770218, -0.03078241, -1.26912897,  0.28134111,  1.99371967,
        -0.30928308, -0.12559863,  0.81258447,  0.54510465,  1.30027274,
         0.37790845,  0.41163694, -0.49152917, -0.43329648, -1.2676687 ,
        -0.07888565,  2.11898903, -0.28202854, -1.31363455,  1.1917594 ,
         1.55779953, -1.21570541,  0.01995135,  0.74921049,  1.5136848 ,
        -1.96509235, -0.45607917,  1.19889985, -1.14704421,  0.5020481 ,
         2.33485666, -0.47713451, -0.22373352,  1.91450497,  0.69073682,
        -1.73429186, -0.38680663, -1.13438712, -0.10238832,  0.69134733,
        -1.07956889, -0.63414934, -0.67073842,  1.03464516, -2.1507522 ,
         1.36119256, -2.16941013,  2.79688837,  2.02764197, -0.97407376,
        -0.08201687, -0.58399033, -3.02467788,  0.18036816, -0.4399342 ,
         0.10930822, -0.25161727,  1.03452472, -1.87390014,  0.07308024,
         0.7498822 ,  0.68011857, -0.03577749,  1.39453907, -0.64059949,
        -0.11975046,  0.74068043, -1.08427682, -2.22537554, -0.94508317,
         1.86854433,  0.76947426,  0.76325937,  1.09674265, -0.12936315,
        -0.75578283, -0.57518653, -0.010561  ,  0.31187005,  0.21407154,
        -0.98377609,  0.45431455,  1.28885329,  0.39237997,  0.12402781,
        -1.39445384,  1.6479515 ,  0.95326321,  0.59484883, -0.0195192 ,
         0.49352855,  1.12272976,  1.35694399, -0.24513737, -0.92979512,
        -1.43546712, -0.82415053,  0.15337114,  1.40311922,  1.16378133,
        -0.56993623, -0.10437426, -1.42152764,  0.57150034, -1.5019206 ,
        -0.06699353, -1.4794689 ,  0.53135232, -1.70497124, -2.48429157,
        -1.08074296,  0.17610695,  1.17228141, -0.87994134,  1.98238601,
        -1.23398987, -0.09646632, -0.05625425, -1.00452565, -1.0077697 ,
        -0.27312081, -0.15740175, -0.31318643,  0.65983347, -0.43820308,
        -0.0288302 , -0.08462082, -0.90485519, -0.33333014,  0.63598047,
         0.18757053,  0.89383964,  1.04458884,  0.27449086,  0.99066672,
         1.20298682, -0.01658457, -0.37857399,  0.2326053 , -0.5110983 ,
        -1.2157874 ,  1.14271424, -0.63989319,  0.79956829, -0.08131355,
        -0.36417844,  0.67615681, -0.74516527,  0.21037921,  0.96453604,
        -1.34130007, -0.89487148,  0.11481374, -1.22053817, -0.13094888,
         0.47120906,  0.50627889, -2.43179875, -0.56612585, -0.08686914,
        -1.52524175, -0.59826115, -0.18841229,  0.3140665 , -1.91133744,
         0.73049758,  0.35696601, -0.39722325,  0.62130774, -0.47062665,
        -0.56305949, -0.04849619,  0.68022976,  1.43941795, -0.32715593,
         2.18245171, -0.41240611, -0.2192513 ,  0.22296925,  0.93305355,
         0.92205844,  0.13483768, -0.41321444, -0.18335784, -0.36815171,
         0.39444186,  1.14371592, -0.96392182,  0.55282939, -1.06190694,
        -1.55498007,  0.62608732, -0.94285106,  0.0991074 , -0.12586811,
        -1.2960226 , -0.12396019]])